10 10 10 10 10 10 10 10 10 10 10 10 10 10 10 10 10 10 10 10 10 10 10 10 10 10 10 10 10 10 10 10 10 10 10 10 10 10 10 10 10 10 10 10 10 10 10 10 10 10 
10 10.0076 10.0159 10.0251 10.036 10.049 10.0645 10.083 10.1049 10.1306 10.1602 10.1937 10.2309 10.2716 10.3151 10.3605 10.4069 10.4528 10.497 10.5378 10.574 10.6039 10.6265 10.6408 10.6462 10.6425 10.6298 10.6088 10.5803 10.5455 10.5057 10.4624 10.4171 10.3712 10.326 10.2825 10.2416 10.2039 10.1699 10.1397 10.1134 10.0907 10.0715 10.0555 10.0421 10.031 10.0217 10.0137 10.0067 10 
10 10.0159 10.0329 10.0521 10.0746 10.1015 10.1337 10.1721 10.2176 10.2708 10.3322 10.4017 10.4791 10.5636 10.6539 10.7483 10.8447 10.9402 11.0321 11.1171 11.1923 11.2546 11.3016 11.3313 11.3425 11.3347 11.3083 11.2644 11.205 11.1324 11.0496 10.9595 10.8653 10.7699 10.6759 10.5855 10.5006 10.4224 10.3519 10.2893 10.2347 10.1878 10.1481 10.1148 10.0871 10.0641 10.0449 10.0284 10.0138 10 
10 10.0251 10.0521 10.0826 10.1183 10.1609 10.2119 10.2729 10.3452 10.4297 10.5272 10.6377 10.7608 10.8953 11.0392 11.1897 11.3432 11.4957 11.6424 11.7782 11.8982 11.9978 12.0729 12.1203 12.138 12.1254 12.0829 12.0126 11.9174 11.8012 11.6688 11.5249 11.3745 11.2223 11.0724 10.9286 10.7935 10.6693 10.5572 10.4579 10.3713 10.297 10.2341 10.1814 10.1376 10.1013 10.0709 10.0449 10.0217 10 
10 10.036 10.0746 10.1183 10.1695 10.2305 10.3037 10.3912 10.4949 10.6163 10.7564 10.9154 11.0927 11.2865 11.494 11.7113 11.9333 12.1538 12.3661 12.5629 12.7368 12.8812 12.99 13.0586 13.084 13.0653 13.0034 12.9009 12.7624 12.5937 12.4015 12.193 11.9753 11.7553 11.539 11.3316 11.1371 10.9584 10.7974 10.6549 10.5307 10.4243 10.3342 10.2589 10.1963 10.1444 10.101 10.0639 10.031 10 
10 10.049 10.1015 10.1609 10.2305 10.3135 10.4132 10.5324 10.6739 10.8398 11.0313 11.2488 11.4916 11.7574 12.0424 12.3411 12.6466 12.9505 13.2434 13.5151 13.7554 13.9549 14.1053 14.1999 14.2348 14.2084 14.122 13.9796 13.7875 13.5538 13.2879 12.9999 12.6997 12.3968 12.0995 11.8148 11.5483 11.3038 11.0838 10.8894 10.7202 10.5754 10.453 10.3507 10.2658 10.1954 10.1366 10.0864 10.0419 10 
10 10.0645 10.1337 10.2119 10.3037 10.4132 10.5448 10.7023 10.8895 11.109 11.3629 11.6517 11.9745 12.3284 12.7084 13.1074 13.516 13.9232 14.3161 14.681 15.0042 15.2726 15.4748 15.6019 15.6483 15.612 15.4948 15.302 15.0425 14.7274 14.3696 13.9827 13.5802 13.1749 12.7779 12.3985 12.044 11.7194 11.4278 11.1705 10.947 10.7559 10.5946 10.46 10.3484 10.256 10.1789 10.1132 10.0548 10 
10 10.083 10.1721 10.2729 10.3912 10.5324 10.7023 10.906 11.1482 11.4328 11.7623 12.1377 12.558 13.0197 13.5163 14.0389 14.5751 15.1104 15.6278 16.1092 16.5361 16.8909 17.1582 17.3261 17.3869 17.3378 17.1813 16.9249 16.5804 16.1631 15.6901 15.1799 14.6504 14.1184 13.5985 13.1028 12.6407 12.2186 11.8402 11.5068 11.2179 10.9712 10.7633 10.59 10.4466 10.3279 10.2291 10.1448 10.0701 10 
10 10.1049 10.2176 10.3452 10.4949 10.6739 10.8895 11.1482 11.4563 11.8189 12.2394 12.7195 13.258 13.8508 14.49 15.1641 15.8576 16.5515 17.2237 17.8504 18.407 18.8703 19.2195 19.4386 19.5172 19.4516 19.2453 18.9084 18.4569 17.9111 17.2943 16.6305 15.9436 15.2553 14.5847 13.9471 13.3542 12.814 12.3308 11.9062 11.5389 11.2258 10.9625 10.7433 10.5622 10.4126 10.288 10.182 10.0881 10 
10 10.1306 10.2708 10.4297 10.6163 10.8398 11.109 11.4328 11.8189 12.274 12.8029 13.4081 14.0886 14.8395 15.6515 16.5103 17.3964 18.2855 19.1493 19.9567 20.6754 21.2745 21.7266 22.01 22.1108 22.0241 21.7546 21.3161 20.73 20.0235 19.2273 18.3733 17.4924 16.6128 15.7584 14.9489 14.1984 13.5165 12.9083 12.3751 11.915 11.5236 11.1951 10.9221 10.6968 10.511 10.3565 10.2252 10.109 10 
10 10.1602 10.3322 10.5272 10.7564 11.0313 11.3629 11.7623 12.2394 12.8029 13.4594 14.2123 15.0612 16.0008 17.0202 18.1019 19.2221 20.35 21.4497 22.4808 23.4012 24.1703 24.7514 25.1156 25.2441 25.1305 24.7811 24.2145 23.4595 22.5525 21.5339 20.4454 19.3271 18.2147 17.1386 16.1227 15.1843 14.3345 13.5789 12.9183 12.3496 11.8671 11.4628 11.1275 10.8512 10.6238 10.435 10.2746 10.1328 10 
10 10.1937 10.4017 10.6377 10.9154 11.2488 11.6517 12.1377 12.7195 13.4081 14.2123 15.1372 16.1833 17.3453 18.6107 19.959 21.3611 22.7792 24.1676 25.4746 26.6457 27.6269 28.3699 28.8358 28.9991 28.8511 28.4005 27.6726 26.7063 25.5498 24.2564 22.8806 21.4736 20.0808 18.7396 17.4789 16.3191 15.2729 14.3458 13.5377 12.8441 12.257 11.7661 11.3598 11.0257 10.7511 10.5234 10.3302 10.1597 10 
10 10.2309 10.4791 10.7608 11.0927 11.4916 11.9745 12.558 13.258 14.0886 15.0612 16.1833 17.457 18.8775 20.4312 22.0947 23.8335 25.6015 27.3416 28.9881 30.4698 31.716 32.6625 33.2568 33.4642 33.272 32.693 31.762 30.5312 29.0648 27.4332 25.7071 23.9518 22.2239 20.5691 19.0216 17.6047 16.3319 15.2083 14.2323 13.3971 12.692 12.1039 11.6181 11.2194 10.8922 10.6213 10.3918 10.1894 10 
10 10.2716 10.5636 10.8953 11.2865 11.7574 12.3284 13.0197 13.8508 14.8395 16.0008 17.3453 18.8775 20.5939 22.481 24.5129 26.65 28.837 31.0037 33.0667 34.9337 36.5114 37.7144 38.4723 38.7361 38.4869 37.7439 36.5561 34.994 33.143 31.0959 28.9446 26.7719 24.6476 22.6262 20.747 19.0357 17.5057 16.1608 14.9969 14.0041 13.1683 12.473 11.8999 11.4303 11.0457 10.7277 10.4587 10.2217 10 
10 10.3151 10.6539 11.0392 11.494 12.0424 12.7084 13.5163 14.49 15.6515 17.0202 18.6107 20.4312 22.481 24.7478 27.2048 29.808 32.4934 35.1758 37.7497 40.0954 42.0891 43.6174 44.5865 44.925 44.5999 43.6446 42.131 40.1527 37.8233 35.2661 32.6006 29.9313 27.3427 24.8983 22.6414 20.5985 18.7818 17.1921 15.8219 14.6571 13.6794 12.8681 12.201 11.6554 11.2093 10.841 10.5299 10.256 10 
10 10.3605 10.7483 11.1897 11.7113 12.3411 13.1074 14.0389 15.1641 16.5103 18.1019 19.959 22.0947 24.5129 27.2048 30.1451 33.2877 36.5613 39.865 43.0672 46.0106 48.5282 50.4703 51.7186 52.1635 51.7303 50.4943 48.5656 46.0628 43.1359 39.9512 36.6655 33.4098 30.284 27.3585 24.6787 22.2695 20.1393 18.2847 16.6927 15.3442 14.2159 13.282 12.5157 11.8904 11.3798 10.959 10.6039 10.2917 10 
10 10.4069 10.8447 11.3432 11.9333 12.6466 13.516 14.5751 15.8576 17.3964 19.2221 21.3611 23.8335 26.65 29.808 33.2877 37.0455 41.0069 45.0578 49.0363 52.7329 55.9132 58.3779 60.0086 60.6321 60.0178 58.3975 55.9447 52.7782 49.0978 45.1374 41.1058 37.1641 33.4253 29.9628 26.8192 24.0139 21.5491 19.4142 17.5896 16.0498 14.7653 13.7049 12.8368 12.1297 11.5534 11.079 10.6792 10.3279 10 
10 10.4528 10.9402 11.4957 12.1538 12.9505 13.9232 15.1104 16.5515 18.2855 20.35 22.7792 25.6015 28.837 32.4934 36.5613 41.0069 45.7619 50.7079 55.6547 60.3193 64.3436 67.4342 69.6097 70.6385 69.6162 67.4486 64.3678 60.3562 55.7072 50.779 45.8535 41.12 36.6956 32.6474 29.0079 25.7859 22.9733 20.5501 18.4883 16.7545 15.3127 14.1254 13.1555 12.3669 11.7251 11.1976 10.7535 10.3637 10 
10 10.497 11.0321 11.6424 12.3661 13.2434 14.3161 15.6278 17.2237 19.1493 21.4497 24.1676 27.3416 31.0037 35.1758 39.865 45.0578 50.7079 56.7159 62.8856 68.847 73.9809 77.6577 80.5937 82.9244 80.597 77.6665 73.9972 68.8741 62.9277 56.7769 50.7907 45.1639 39.9946 35.3273 31.1747 27.5285 24.3663 21.6563 19.3603 17.4363 15.8409 14.5304 13.4619 12.5947 11.89 11.3114 10.8248 10.398 10 
10 10.5378 11.1171 11.7782 12.5629 13.5151 14.681 16.1092 17.8504 19.9567 22.4808 25.4746 28.9881 33.0667 37.7497 43.0672 49.0363 55.6547 62.8856 70.6072 78.4419 85.2769 88.7959 92.3335 100 92.3339 88.7994 85.2851 78.4588 70.6383 62.9359 55.7279 49.1346 43.191 37.8979 33.2366 29.1761 25.6767 22.6925 20.1743 18.0711 16.3317 14.906 13.7458 12.8055 12.0423 11.4165 10.8906 10.4297 10 
10 10.574 11.1923 11.8982 12.7368 13.7554 15.0042 16.5361 18.407 20.6754 23.4012 26.6457 30.4698 34.9337 40.0954 46.0106 52.7329 60.3193 68.847 78.4419 89.2016 100 100 100 100 100 100 100 89.2086 78.4624 68.887 60.3832 52.8232 46.1283 40.2396 35.1017 30.6581 26.8499 23.6169 20.8984 18.6345 16.7665 15.2383 13.9966 12.9916 12.1768 11.5092 10.9487 10.4576 10 
10 10.6039 11.2546 11.9978 12.8812 13.9549 15.2726 16.8909 18.8703 21.2745 24.1703 27.6269 31.716 36.5114 42.0891 48.5282 55.9132 64.3436 73.9809 85.2769 100 100 100 100 100 100 100 100 100 85.2892 74.0123 64.3992 55.9965 48.6404 42.2295 36.6775 31.9041 27.8325 24.3887 21.5016 19.1029 17.1275 15.5139 14.2045 13.1458 12.2882 11.586 10.9967 10.4807 10 
10 10.6265 11.3016 12.0729 12.99 14.1053 15.4748 17.1582 19.2195 21.7266 24.7514 28.3699 32.6625 37.7144 43.6174 50.4703 58.3779 67.4342 77.6577 88.7959 100 100 100 100 100 100 100 100 100 88.8042 77.6832 67.4837 58.4557 50.578 43.7545 37.8786 32.85 28.5762 24.9716 21.9565 19.4559 17.3994 15.7215 14.3611 13.2619 12.3721 11.6438 11.033 10.4982 10 
10 10.6408 11.3313 12.1203 13.0586 14.1999 15.6019 17.3261 19.4386 22.01 25.1156 28.8358 33.2568 38.4723 44.5865 51.7186 60.0086 69.6097 80.5937 92.3335 100 100 100 100 100 100 100 100 100 92.3387 80.6149 69.655 60.0826 51.8234 44.7215 38.6352 33.4438 29.0424 25.3369 22.2416 19.6772 17.5701 15.8519 14.4597 13.3352 12.4251 11.6804 11.0559 10.5092 10 
10 10.6462 11.3425 12.138 13.084 14.2348 15.6483 17.3869 19.5172 22.1108 25.2441 28.9991 33.4642 38.7361 44.925 52.1635 60.6321 70.6385 82.9244 100 100 100 100 100 100 100 100 100 100 100 82.9428 70.6819 60.7047 52.2671 45.0592 38.8986 33.651 29.2058 25.4657 22.3429 19.7565 17.6318 15.8995 14.496 13.3624 12.445 11.6943 11.0647 10.5134 10 
10 10.6425 11.3347 12.1254 13.0653 14.2084 15.612 17.3378 19.4516 22.0241 25.1305 28.8511 33.272 38.4869 44.5999 51.7303 60.0178 69.6162 80.597 92.3339 100 100 100 100 100 100 100 100 100 92.3392 80.6183 69.6615 60.0919 51.8349 44.7348 38.6498 33.459 29.0576 25.3517 22.2557 19.6902 17.5819 15.8623 14.4686 13.3425 12.431 11.6848 11.0588 10.5107 10 
10 10.6298 11.3083 12.0829 13.0034 14.122 15.4948 17.1813 19.2453 21.7546 24.7811 28.4005 32.693 37.7439 43.6446 50.4943 58.3975 67.4486 77.6665 88.7994 100 100 100 100 100 100 100 100 100 88.8078 77.692 67.4981 58.4752 50.6019 43.7816 37.9079 32.8803 28.6066 25.0012 21.9846 19.4818 17.4228 15.742 14.3787 13.2765 12.3837 11.6524 11.0387 10.501 10 
10 10.6088 11.2644 12.0126 12.9009 13.9796 15.302 16.9249 18.9084 21.3161 24.2145 27.6726 31.762 36.5561 42.131 48.5656 55.9447 64.3678 73.9972 85.2851 100 100 100 100 100 100 100 100 100 85.2973 74.0286 64.4234 56.0279 48.6776 42.2711 36.7219 31.9497 27.878 24.4328 21.5432 19.1413 17.1621 15.5443 14.2305 13.1672 12.3052 11.5986 11.0051 10.4849 10 
10 10.5803 11.205 11.9174 12.7624 13.7875 15.0425 16.5804 18.4569 20.73 23.4595 26.7063 30.5312 34.994 40.1527 46.0628 52.7782 60.3562 68.8741 78.4588 89.2086 100 100 100 100 100 100 100 89.2156 78.4794 68.9141 60.4199 52.8685 46.1804 40.2966 35.1617 30.7191 26.9102 23.675 20.9531 18.6847 16.8115 15.2777 14.0303 13.0194 12.1988 11.5255 10.9595 10.463 10 
10 10.5455 11.1324 11.8012 12.5937 13.5538 14.7274 16.1631 17.9111 20.0235 22.5525 25.5498 29.0648 33.143 37.8233 43.1359 49.0978 55.7072 62.9277 70.6383 78.4624 85.2892 88.8042 92.3387 100 92.3392 88.8078 85.2973 78.4794 70.6694 62.9779 55.7803 49.1959 43.2593 37.971 33.3124 29.2524 25.7514 22.764 20.2412 18.1323 16.3865 14.9538 13.7865 12.8391 12.0689 11.4362 10.9037 10.4362 10 
10 10.5057 11.0496 11.6688 12.4015 13.2879 14.3696 15.6901 17.2943 19.2273 21.5339 24.2564 27.4332 31.0959 35.2661 39.9512 45.1374 50.779 56.7769 62.9359 68.887 74.0123 77.6832 80.6149 82.9428 80.6183 77.692 74.0286 68.9141 62.9779 56.8378 50.8615 45.2432 40.0802 35.4171 31.2663 27.6196 24.4548 21.7403 19.4383 17.5074 15.9043 14.5855 13.5088 12.6333 11.9204 11.3339 10.8397 10.4054 10 
10 10.4624 10.9595 11.5249 12.193 12.9999 13.9827 15.1799 16.6305 18.3733 20.4454 22.8806 25.7071 28.9446 32.6006 36.6655 41.1058 45.8535 50.7907 55.7279 60.3832 64.3992 67.4837 69.655 70.6819 69.6615 67.4981 64.4234 60.4199 55.7803 50.8615 45.9448 41.2185 36.7993 32.7538 29.1148 25.8909 23.0743 20.6453 18.5763 16.8342 15.3834 14.1867 13.2074 12.4096 11.7588 11.2225 10.77 10.3719 10 
10 10.4171 10.8653 11.3745 11.9753 12.6997 13.5802 14.6504 15.9436 17.4924 19.3271 21.4736 23.9518 26.7719 29.9313 33.4098 37.1641 41.12 45.1639 49.1346 52.8232 55.9965 58.4557 60.0826 60.7047 60.0919 58.4752 56.0279 52.8685 49.1959 45.2432 41.2185 37.2822 33.5467 30.0853 26.9404 24.1316 21.6613 19.5191 17.6859 16.1365 14.8419 13.7712 12.8928 12.1756 11.5894 11.1056 10.6967 10.3366 10 
10 10.3712 10.7699 11.2223 11.7553 12.3968 13.1749 14.1184 15.2553 16.6128 18.2147 20.0808 22.2239 24.6476 27.3427 30.284 33.4253 36.6956 39.9946 43.191 46.1283 48.6404 50.578 51.8234 52.2671 51.8349 50.6019 48.6776 46.1804 43.2593 40.0802 36.7993 33.5467 30.4221 27.4956 24.8127 22.3981 20.2608 18.3974 16.7956 15.4364 14.297 13.3518 12.5745 11.9384 11.4175 10.9868 10.6222 10.3007 10 
10 10.326 10.6759 11.0724 11.539 12.0995 12.7779 13.5985 14.5847 15.7584 17.1386 18.7396 20.5691 22.6262 24.8983 27.3585 29.9628 32.6474 35.3273 37.8979 40.2396 42.2295 43.7545 44.7215 45.0592 44.7348 43.7816 42.2711 40.2966 37.971 35.4171 32.7538 30.0853 27.4956 25.048 22.7859 20.736 18.9105 17.3107 15.9294 14.7529 13.7633 12.9401 12.2614 11.7047 11.2478 10.8694 10.5485 10.2652 10 
10 10.2825 10.5855 10.9286 11.3316 11.8148 12.3985 13.1028 13.9471 14.9489 16.1227 17.4789 19.0216 20.747 22.6414 24.6787 26.8192 29.0079 31.1747 33.2366 35.1017 36.6775 37.8786 38.6352 38.8986 38.6498 37.9079 36.7219 35.1617 33.3124 31.2663 29.1148 26.9404 24.8127 22.7859 20.8997 19.1795 17.6393 16.2831 15.1071 14.1018 13.2534 12.5457 11.9607 11.4798 11.0843 10.7561 10.4774 10.2309 10 
10 10.2416 10.5006 10.7935 11.1371 11.5483 12.044 12.6407 13.3542 14.1984 15.1843 16.3191 17.6047 19.0357 20.5985 22.2695 24.0139 25.7859 27.5285 29.1761 30.6581 31.9041 32.85 33.4438 33.651 33.459 32.8803 31.9497 30.7191 29.2524 27.6196 25.8909 24.1316 22.3981 20.736 19.1795 17.7523 16.468 15.332 14.3431 13.4949 12.7768 12.1761 11.6783 11.2682 10.9302 10.6492 10.4101 10.1985 10 
10 10.2039 10.4224 10.6693 10.9584 11.3038 11.7194 12.2186 12.814 13.5165 14.3345 15.2729 16.3319 17.5057 18.7818 20.1393 21.5491 22.9733 24.3663 25.6767 26.8499 27.8325 28.5762 29.0424 29.2058 29.0576 28.6066 27.878 26.9102 25.7514 24.4548 23.0743 21.6613 20.2608 18.9105 17.6393 16.468 15.4092 14.4689 13.6474 12.9404 12.3402 11.8367 11.4185 11.0731 10.7879 10.5504 10.3479 10.1684 10 
10 10.1699 10.3519 10.5572 10.7974 11.0838 11.4278 11.8402 12.3308 12.9083 13.5789 14.3458 15.2083 16.1608 17.1921 18.2847 19.4142 20.5501 21.6563 22.6925 23.6169 24.3887 24.9716 25.3369 25.4657 25.3517 25.0012 24.4328 23.675 22.764 21.7403 20.6453 19.5191 18.3974 17.3107 16.2831 15.332 14.4689 13.6996 13.0253 12.4431 11.9475 11.5307 11.1837 10.8965 10.659 10.4607 10.2914 10.1411 10 
10 10.1397 10.2893 10.4579 10.6549 10.8894 11.1705 11.5068 11.9062 12.3751 12.9183 13.5377 14.2323 14.9969 15.8219 16.6927 17.5896 18.4883 19.3603 20.1743 20.8984 21.5016 21.9565 22.2416 22.3429 22.2557 21.9846 21.5432 20.9531 20.2412 19.4383 18.5763 17.6859 16.7956 15.9294 15.1071 14.3431 13.6474 13.0253 12.4782 12.0046 11.6004 11.2597 10.9753 10.7396 10.5441 10.3807 10.2409 10.1168 10 
10 10.1134 10.2347 10.3713 10.5307 10.7202 10.947 11.2179 11.5389 11.915 12.3496 12.8441 13.3971 14.0041 14.6571 15.3442 16.0498 16.7545 17.4363 18.0711 18.6345 19.1029 19.4559 19.6772 19.7565 19.6902 19.4818 19.1413 18.6847 18.1323 17.5074 16.8342 16.1365 15.4364 14.7529 14.1018 13.4949 12.9404 12.4431 12.0046 11.624 11.2984 11.0233 10.7933 10.6022 10.4435 10.3105 10.1967 10.0953 10 
10 10.0907 10.1878 10.297 10.4243 10.5754 10.7559 10.9712 11.2258 11.5236 11.8671 12.257 12.692 13.1683 13.6794 14.2159 14.7653 15.3127 15.8409 16.3317 16.7665 17.1275 17.3994 17.5701 17.6318 17.5819 17.4228 17.1621 16.8115 16.3865 15.9043 15.3834 14.8419 14.297 13.7633 13.2534 12.7768 12.3402 11.9475 11.6004 11.2984 11.0395 10.8203 10.6366 10.4838 10.3566 10.2499 10.1583 10.0768 10 
10 10.0715 10.1481 10.2341 10.3342 10.453 10.5946 10.7633 10.9625 11.1951 11.4628 11.7661 12.1039 12.473 12.8681 13.282 13.7049 14.1254 14.5304 14.906 15.2383 15.5139 15.7215 15.8519 15.8995 15.8623 15.742 15.5443 15.2777 14.9538 14.5855 14.1867 13.7712 13.3518 12.9401 12.5457 12.1761 11.8367 11.5307 11.2597 11.0233 10.8203 10.6481 10.5035 10.383 10.2826 10.1981 10.1256 10.061 10 
10 10.0555 10.1148 10.1814 10.2589 10.3507 10.46 10.59 10.7433 10.9221 11.1275 11.3598 11.6181 11.8999 12.201 12.5157 12.8368 13.1555 13.4619 13.7458 13.9966 14.2045 14.3611 14.4597 14.496 14.4686 14.3787 14.2305 14.0303 13.7865 13.5088 13.2074 12.8928 12.5745 12.2614 11.9607 11.6783 11.4185 11.1837 10.9753 10.7933 10.6366 10.5035 10.3916 10.2981 10.2201 10.1545 10.098 10.0476 10 
10 10.0421 10.0871 10.1376 10.1963 10.2658 10.3484 10.4466 10.5622 10.6968 10.8512 11.0257 11.2194 11.4303 11.6554 11.8904 12.1297 12.3669 12.5947 12.8055 12.9916 13.1458 13.2619 13.3352 13.3624 13.3425 13.2765 13.1672 13.0194 12.8391 12.6333 12.4096 12.1756 11.9384 11.7047 11.4798 11.2682 11.0731 10.8965 10.7396 10.6022 10.4838 10.383 10.2981 10.2272 10.1679 10.1179 10.0748 10.0363 10 
10 10.031 10.0641 10.1013 10.1444 10.1954 10.256 10.3279 10.4126 10.511 10.6238 10.7511 10.8922 11.0457 11.2093 11.3798 11.5534 11.7251 11.89 12.0423 12.1768 12.2882 12.3721 12.4251 12.445 12.431 12.3837 12.3052 12.1988 12.0689 11.9204 11.7588 11.5894 11.4175 11.2478 11.0843 10.9302 10.7879 10.659 10.5441 10.4435 10.3566 10.2826 10.2201 10.1679 10.1241 10.0872 10.0554 10.0269 10 
10 10.0217 10.0449 10.0709 10.101 10.1366 10.1789 10.2291 10.288 10.3565 10.435 10.5234 10.6213 10.7277 10.841 10.959 11.079 11.1976 11.3114 11.4165 11.5092 11.586 11.6438 11.6804 11.6943 11.6848 11.6524 11.5986 11.5255 11.4362 11.3339 11.2225 11.1056 10.9868 10.8694 10.7561 10.6492 10.5504 10.4607 10.3807 10.3105 10.2499 10.1981 10.1545 10.1179 10.0872 10.0613 10.0389 10.0189 10 
10 10.0137 10.0284 10.0449 10.0639 10.0864 10.1132 10.1448 10.182 10.2252 10.2746 10.3302 10.3918 10.4587 10.5299 10.6039 10.6792 10.7535 10.8248 10.8906 10.9487 10.9967 11.033 11.0559 11.0647 11.0588 11.0387 11.0051 10.9595 10.9037 10.8397 10.77 10.6967 10.6222 10.5485 10.4774 10.4101 10.3479 10.2914 10.2409 10.1967 10.1583 10.1256 10.098 10.0748 10.0554 10.0389 10.0247 10.012 10 
10 10.0067 10.0138 10.0217 10.031 10.0419 10.0548 10.0701 10.0881 10.109 10.1328 10.1597 10.1894 10.2217 10.256 10.2917 10.3279 10.3637 10.398 10.4297 10.4576 10.4807 10.4982 10.5092 10.5134 10.5107 10.501 10.4849 10.463 10.4362 10.4054 10.3719 10.3366 10.3007 10.2652 10.2309 10.1985 10.1684 10.1411 10.1168 10.0953 10.0768 10.061 10.0476 10.0363 10.0269 10.0189 10.012 10.0058 10 
10 10 10 10 10 10 10 10 10 10 10 10 10 10 10 10 10 10 10 10 10 10 10 10 10 10 10 10 10 10 10 10 10 10 10 10 10 10 10 10 10 10 10 10 10 10 10 10 10 10 
