10 10 10 10 10 10 10 10 10 10 10 10 10 10 10 10 10 10 10 10 10 10 10 10 10 10 10 10 10 10 10 10 10 10 10 10 10 10 10 10 10 10 10 10 10 10 10 10 10 10 
10 10 10 10.0001 10.0002 10.0003 10.0004 10.0007 10.0012 10.0018 10.0027 10.004 10.0057 10.008 10.0107 10.0141 10.018 10.0223 10.0268 10.0314 10.0358 10.0397 10.0428 10.0449 10.0458 10.0455 10.0439 10.0413 10.0378 10.0337 10.0292 10.0246 10.0203 10.0162 10.0127 10.0096 10.0071 10.0051 10.0036 10.0025 10.0017 10.0011 10.0007 10.0004 10.0003 10.0002 10.0001 10.0001 10 10 
10 10 10.0001 10.0002 10.0004 10.0006 10.0011 10.0017 10.0028 10.0043 10.0065 10.0095 10.0136 10.0188 10.0253 10.0332 10.0423 10.0524 10.0631 10.0739 10.0842 10.0932 10.1005 10.1053 10.1074 10.1066 10.1029 10.0967 10.0885 10.0788 10.0683 10.0577 10.0474 10.038 10.0296 10.0225 10.0167 10.012 10.0085 10.0058 10.0039 10.0025 10.0016 10.001 10.0006 10.0004 10.0002 10.0001 10.0001 10 
10 10.0001 10.0002 10.0004 10.0007 10.0012 10.002 10.0033 10.0053 10.0083 10.0124 10.0182 10.0259 10.0359 10.0484 10.0633 10.0805 10.0997 10.1199 10.1404 10.1597 10.1768 10.1904 10.1995 10.2034 10.2017 10.1947 10.1829 10.1672 10.1489 10.129 10.1089 10.0895 10.0716 10.0559 10.0424 10.0314 10.0227 10.016 10.011 10.0073 10.0048 10.0031 10.0019 10.0012 10.0007 10.0004 10.0002 10.0001 10 
10 10.0002 10.0004 10.0007 10.0013 10.0022 10.0037 10.006 10.0096 10.0148 10.0222 10.0325 10.0463 10.064 10.0861 10.1125 10.1431 10.1769 10.2127 10.2487 10.2828 10.3129 10.3367 10.3526 10.3592 10.356 10.3435 10.3225 10.2947 10.2622 10.2271 10.1916 10.1574 10.126 10.0982 10.0746 10.0552 10.0399 10.028 10.0193 10.0129 10.0084 10.0054 10.0033 10.002 10.0012 10.0007 10.0004 10.0002 10 
10 10.0003 10.0006 10.0012 10.0022 10.0038 10.0063 10.0104 10.0165 10.0255 10.0383 10.0559 10.0794 10.1098 10.1475 10.1926 10.2447 10.3023 10.3632 10.4244 10.4823 10.5332 10.5735 10.6001 10.611 10.6053 10.5836 10.5476 10.5002 10.4448 10.3851 10.3247 10.2666 10.2132 10.1662 10.1262 10.0934 10.0674 10.0474 10.0325 10.0218 10.0142 10.0091 10.0056 10.0034 10.002 10.0012 10.0006 10.0003 10 
10 10.0004 10.0011 10.002 10.0037 10.0063 10.0107 10.0174 10.0276 10.0426 10.0639 10.0933 10.1324 10.1827 10.2452 10.3201 10.4064 10.5017 10.6023 10.7034 10.799 10.8828 10.9489 10.9924 11.0098 10.9998 10.9634 10.9035 10.8248 10.733 10.6342 10.5344 10.4386 10.3506 10.2731 10.2072 10.1533 10.1106 10.0778 10.0534 10.0357 10.0233 10.0149 10.0093 10.0056 10.0033 10.0019 10.001 10.0004 10 
10 10.0007 10.0017 10.0033 10.006 10.0104 10.0174 10.0283 10.0449 10.0692 10.1037 10.1513 10.2145 10.2959 10.3968 10.5176 10.6567 10.8103 10.9725 11.1351 11.2888 11.4234 11.5294 11.5986 11.6258 11.6089 11.5494 11.4522 11.3248 11.1765 11.0173 10.8566 10.7025 10.5612 10.4368 10.3314 10.245 10.1766 10.1242 10.0852 10.057 10.0372 10.0237 10.0148 10.009 10.0053 10.003 10.0016 10.0007 10 
10 10.0012 10.0028 10.0053 10.0096 10.0165 10.0276 10.0449 10.0711 10.1094 10.1639 10.2387 10.3383 10.4663 10.6251 10.815 11.0337 11.275 11.5297 11.7851 12.0263 12.2373 12.403 12.5109 12.5525 12.5246 12.4297 12.2757 12.0746 11.841 11.5906 11.3382 11.0966 10.8753 10.6808 10.5161 10.3814 10.2748 10.1931 10.1324 10.0886 10.0578 10.0369 10.023 10.0139 10.0083 10.0047 10.0025 10.0011 10 
10 10.0018 10.0043 10.0083 10.0148 10.0255 10.0426 10.0692 10.1094 10.1683 10.2519 10.3667 10.5193 10.7154 10.9588 11.2499 11.5849 11.9549 12.3454 12.7369 13.1064 13.4295 13.6829 13.8472 13.9094 13.8647 13.7171 13.479 13.1689 12.8095 12.4251 12.0383 11.6685 11.3306 11.034 10.7832 10.5783 10.4164 10.2925 10.2005 10.1341 10.0875 10.0558 10.0347 10.0211 10.0125 10.0071 10.0038 10.0017 10 
10 10.0027 10.0065 10.0124 10.0222 10.0383 10.0639 10.1037 10.1639 10.2519 10.3766 10.548 10.7758 11.0686 11.4321 11.867 12.3679 12.9214 13.5058 14.092 14.6454 15.1292 15.5082 15.753 15.8442 15.7745 15.5503 15.1903 14.7231 14.1831 13.6065 13.0276 12.4754 11.9717 11.5305 11.1581 10.8544 10.6148 10.4315 10.2956 10.1976 10.129 10.0822 10.0512 10.0311 10.0184 10.0105 10.0056 10.0024 10 
10 10.004 10.0095 10.0182 10.0325 10.0559 10.0933 10.1513 10.2387 10.3667 10.548 10.7971 11.1283 11.5542 12.0832 12.7169 13.4475 14.2559 15.1105 15.9686 16.7793 17.4882 18.0432 18.4009 18.5321 18.4261 18.0928 17.5606 16.8721 16.0783 15.233 14.3864 13.5811 12.8484 12.208 11.6687 11.2298 10.8841 10.6201 10.4245 10.2837 10.1851 10.1179 10.0734 10.0446 10.0264 10.0151 10.0081 10.0035 10 
10 10.0057 10.0136 10.0259 10.0463 10.0794 10.1324 10.2145 10.3383 10.5193 10.7758 11.1283 11.5972 12.2007 12.9513 13.852 14.8924 16.0457 17.2674 18.4964 19.6592 20.6768 21.4738 21.9868 22.1725 22.015 21.5296 20.7588 19.7652 18.6233 17.4108 16.2004 15.0526 14.0117 13.1048 12.343 11.7246 11.2385 10.868 10.5938 10.3966 10.2587 10.1648 10.1025 10.0623 10.0369 10.0211 10.0113 10.0049 10 
10 10.008 10.0188 10.0359 10.064 10.1098 10.1827 10.2959 10.4663 10.7154 11.0686 11.5542 12.2007 13.034 14.0724 15.3213 16.7678 18.3762 20.0853 21.8093 23.4441 24.8771 26.0009 26.7248 26.9844 26.7547 26.0604 24.9654 23.5598 21.9497 20.2465 18.5529 16.9536 15.5091 14.2553 13.2057 12.3562 11.69 11.1833 10.8089 10.5399 10.352 10.2242 10.1395 10.0848 10.0502 10.0287 10.0154 10.0067 10 
10 10.0107 10.0253 10.0484 10.0861 10.1475 10.2452 10.3968 10.6251 10.9588 11.4321 12.0832 12.9513 14.0724 15.4728 17.1626 19.1273 21.3212 23.6629 26.0347 28.291 30.2735 31.8319 32.84 33.2008 32.8697 31.8916 30.3634 28.4109 26.183 23.8365 21.5154 19.3353 17.3765 15.6844 14.2737 13.1359 12.2462 11.571 11.073 10.7159 10.4665 10.2971 10.1848 10.1123 10.0665 10.038 10.0204 10.0088 10 
10 10.0141 10.0332 10.0633 10.1125 10.1926 10.3201 10.5176 10.815 11.2499 11.867 12.7169 13.852 15.3213 17.1626 19.3935 22.0006 24.9293 28.075 31.2805 34.3438 37.0418 39.1694 40.5617 41.0681 40.589 39.2251 37.1275 34.4607 31.4292 28.2538 25.1343 22.2254 19.6296 17.4003 15.551 14.0654 12.9077 12.0312 11.3862 10.9242 10.6021 10.3833 10.2384 10.1449 10.0858 10.0491 10.0263 10.0114 10 
10 10.018 10.0423 10.0805 10.1431 10.2447 10.4064 10.6567 11.0337 11.5849 12.3679 13.4475 14.8924 16.7678 19.1273 22.0006 25.3805 29.2077 33.3559 37.6209 41.7227 45.3407 48.1962 50.1165 50.8645 50.139 48.2434 45.4158 41.8291 37.7615 33.5314 29.4157 25.6153 22.2533 19.387 17.0233 15.1332 13.6655 12.5575 11.7437 11.1618 10.7566 10.4815 10.2995 10.182 10.1078 10.0617 10.033 10.0143 10 
10 10.0223 10.0524 10.0997 10.1769 10.3023 10.5017 10.8103 11.275 11.9549 12.9214 14.2559 16.0457 18.3762 21.3212 24.9293 29.2077 34.1031 39.4776 45.0797 50.5224 55.3129 59.0426 61.7069 62.9886 61.7225 59.0775 55.3718 50.611 45.2038 39.641 34.3058 29.4449 25.1921 21.5979 18.6535 16.3112 14.4992 13.1354 12.1358 11.4222 10.9257 10.5891 10.3664 10.2226 10.1319 10.0755 10.0404 10.0175 10 
10 10.0268 10.0631 10.1199 10.2127 10.3632 10.6023 10.9725 11.5297 12.3454 13.5058 15.1105 17.2674 20.0853 23.6629 28.075 33.3559 39.4776 46.3179 53.6057 60.8265 67.1389 71.696 75.3803 78.3389 75.3876 71.7165 67.1778 60.8916 53.7065 46.4618 39.6674 33.5884 28.3416 23.9509 20.3799 17.5541 15.3766 13.7423 12.5471 11.6951 11.103 10.7018 10.4365 10.2653 10.1572 10.09 10.0482 10.0209 10 
10 10.0314 10.0739 10.1404 10.2487 10.4244 10.7034 11.1351 11.7851 12.7369 14.092 15.9686 18.4964 21.8093 26.0347 31.2805 37.6209 45.0797 53.6057 63.0081 72.7437 81.3234 85.7494 90.2393 100 90.2391 85.7568 81.3417 72.7826 63.0814 53.7251 45.2511 37.8432 31.5455 26.329 22.1167 18.8003 16.2543 14.3485 12.9574 11.9672 11.2797 10.8141 10.5064 10.3078 10.1824 10.1045 10.056 10.0243 10 
10 10.0358 10.0842 10.1597 10.2828 10.4823 10.799 11.2888 12.0263 13.1064 14.6454 16.7793 19.6592 23.4441 28.291 34.3438 41.7227 50.5224 60.8265 72.7437 86.313 100 100 100 100 100 100 100 86.3273 72.7897 60.9204 50.6733 41.9315 34.6032 28.5875 23.76 19.9762 17.0809 14.9187 13.3432 12.223 11.4458 10.9198 10.5722 10.3479 10.2062 10.1181 10.0633 10.0275 10 
10 10.0397 10.0932 10.1768 10.3129 10.5332 10.8828 11.4234 12.2373 13.4295 15.1292 17.4882 20.6768 24.8771 30.2735 37.0418 45.3407 55.3129 67.1389 81.3234 100 100 100 100 100 100 100 100 100 81.3486 67.211 55.4448 45.5358 37.2941 30.5693 25.1981 21.0033 17.8019 15.4158 13.6793 12.4459 11.5907 11.012 10.6297 10.3829 10.2271 10.1301 10.0698 10.0303 10 
10 10.0428 10.1005 10.1904 10.3367 10.5735 10.9489 11.5294 12.403 13.6829 15.5082 18.0432 21.4738 26.0009 31.8319 39.1694 48.1962 59.0426 71.696 85.7494 100 100 100 100 100 100 100 100 100 85.7649 71.7531 59.1595 48.3795 39.4147 32.1259 26.3246 21.8064 18.3653 15.8042 13.9423 12.6205 11.7043 11.0845 10.6749 10.4106 10.2436 10.1397 10.0749 10.0325 10 
10 10.0449 10.1053 10.1995 10.3526 10.6001 10.9924 11.5986 12.5109 13.8472 15.753 18.4009 21.9868 26.7248 32.84 40.5617 50.1165 61.7069 75.3803 90.2393 100 100 100 100 100 100 100 100 100 90.2483 75.427 61.8134 50.2916 40.802 33.1321 27.0496 22.3229 18.728 16.0548 14.1123 12.7338 11.7784 11.1319 10.7047 10.4289 10.2545 10.146 10.0784 10.034 10 
10 10.0458 10.1074 10.2034 10.3592 10.611 11.0098 11.6258 12.5525 13.9094 15.8442 18.5321 22.1725 26.9844 33.2008 41.0681 50.8645 62.9886 78.3389 100 100 100 100 100 100 100 100 100 100 100 78.3788 63.0904 51.0364 41.3063 33.4921 27.3094 22.5096 18.8608 16.1478 14.1765 12.7773 11.8074 11.1508 10.7168 10.4365 10.2591 10.1487 10.0799 10.0347 10 
10 10.0455 10.1066 10.2017 10.356 10.6053 10.9998 11.6089 12.5246 13.8647 15.7745 18.4261 22.015 26.7547 32.8697 40.589 50.139 61.7225 75.3876 90.2391 100 100 100 100 100 100 100 100 100 90.2482 75.4344 61.829 50.314 40.829 33.1615 27.0791 22.3508 18.7531 16.0762 14.13 12.7478 11.7891 11.1398 10.7103 10.4327 10.2571 10.1476 10.0793 10.0345 10 
10 10.0439 10.1029 10.1947 10.3435 10.5836 10.9634 11.5494 12.4297 13.7171 15.5503 18.0928 21.5296 26.0604 31.8916 39.2251 48.2434 59.0775 71.7165 85.7568 100 100 100 100 100 100 100 100 100 85.7724 71.7738 59.1944 48.4264 39.4699 32.1849 26.3834 21.8617 18.4147 15.8464 13.9768 12.6477 11.7251 11.0998 10.6858 10.4181 10.2485 10.1428 10.0768 10.0334 10 
10 10.0413 10.0967 10.1829 10.3225 10.5476 10.9035 11.4522 12.2757 13.479 15.1903 17.5606 20.7588 24.9654 30.3634 37.1275 45.4158 55.3718 67.1778 81.3417 100 100 100 100 100 100 100 100 100 81.3671 67.2501 55.5036 45.6104 37.3789 30.6582 25.2855 21.0845 17.874 15.477 13.7293 12.4852 11.6206 11.0339 10.6453 10.3937 10.2342 10.1347 10.0724 10.0315 10 
10 10.0378 10.0885 10.1672 10.2947 10.5002 10.8248 11.3248 12.0746 13.1689 14.7231 16.8721 19.7652 23.5598 28.4109 34.4607 41.8291 50.611 60.8916 72.7826 86.3273 100 100 100 100 100 100 100 86.3417 72.8289 60.9856 50.7616 42.0372 34.719 28.7059 23.8744 20.0814 17.1733 14.9967 13.4064 12.2725 11.4833 10.9472 10.5917 10.3612 10.2151 10.1237 10.0666 10.029 10 
10 10.0337 10.0788 10.1489 10.2622 10.4448 10.733 11.1765 11.841 12.8095 14.1831 16.0783 18.6233 21.9497 26.183 31.4292 37.7615 45.2038 53.7065 63.0814 72.7897 81.3486 85.7649 90.2483 100 90.2482 85.7724 81.3671 72.8289 63.1548 53.8257 45.3746 37.9825 31.6926 26.4757 22.2557 18.9263 16.3638 14.4401 13.0313 12.0247 11.3231 10.8457 10.5287 10.3231 10.1925 10.1109 10.0597 10.026 10 
10 10.0292 10.0683 10.129 10.2271 10.3851 10.6342 11.0173 11.5906 12.4251 13.6065 15.233 17.4108 20.2465 23.8365 28.2538 33.5314 39.641 46.4618 53.7251 60.9204 67.211 71.7531 75.427 78.3788 75.4344 71.7738 67.2501 60.9856 53.8257 46.6051 39.8297 33.7623 28.5186 24.1228 20.5398 17.6968 15.4993 13.844 12.6284 11.758 11.1502 10.736 10.4606 10.2817 10.168 10.0968 10.0522 10.0227 10 
10 10.0246 10.0577 10.1089 10.1916 10.3247 10.5344 10.8566 11.3382 12.0383 13.0276 14.3864 16.2004 18.5529 21.5154 25.1343 29.4157 34.3058 39.6674 45.2511 50.6733 55.4448 59.1595 61.8134 63.0904 61.829 59.1944 55.5036 50.7616 45.3746 39.8297 34.5069 29.6511 25.3953 21.7903 18.8291 16.4656 14.6304 13.243 12.2212 11.4879 10.9747 10.6245 10.3912 10.2395 10.143 10.0825 10.0445 10.0194 10 
10 10.0203 10.0474 10.0895 10.1574 10.2666 10.4386 10.7025 11.0966 11.6685 12.4754 13.5811 15.0526 16.9536 19.3353 22.2254 25.6153 29.4449 33.5884 37.8432 41.9315 45.5358 48.3795 50.2916 51.0364 50.314 48.4264 45.6104 42.0372 37.9825 33.7623 29.6511 25.8481 22.4763 19.5936 17.2084 15.2937 13.8002 12.6669 11.8299 11.2276 10.8053 10.5166 10.324 10.1986 10.1187 10.0685 10.037 10.0161 10 
10 10.0162 10.038 10.0716 10.126 10.2132 10.3506 10.5612 10.8753 11.3306 11.9717 12.8484 14.0117 15.5091 17.3765 19.6296 22.2533 25.1921 28.3416 31.5455 34.6032 37.2941 39.4147 40.802 41.3063 40.829 39.4699 37.3789 34.719 31.6926 28.5186 25.3953 22.4763 19.8642 17.6134 15.7389 14.2261 13.041 12.1385 11.4699 10.9877 10.6488 10.4167 10.2617 10.1606 10.096 10.0555 10.03 10.0131 10 
10 10.0127 10.0296 10.0559 10.0982 10.1662 10.2731 10.4368 10.6808 11.034 11.5305 12.208 13.1048 14.2553 15.6844 17.4003 19.387 21.5979 23.9509 26.329 28.5875 30.5693 32.1259 33.1321 33.4921 33.1615 32.1849 30.6582 28.7059 26.4757 24.1228 21.7903 19.5936 17.6134 15.8959 14.4575 13.291 12.3735 11.6725 11.1517 10.7751 10.5099 10.3279 10.2062 10.1266 10.0758 10.0439 10.0237 10.0104 10 
10 10.0096 10.0225 10.0424 10.0746 10.1262 10.2072 10.3314 10.5161 10.7832 11.1581 11.6687 12.343 13.2057 14.2737 15.551 17.0233 18.6535 20.3799 22.1167 23.76 25.1981 26.3246 27.0496 27.3094 27.0791 26.3834 25.2855 23.8744 22.2557 20.5398 18.8291 17.2084 15.7389 14.4575 13.3791 12.5009 11.8076 11.2762 10.8803 10.5934 10.3909 10.2518 10.1585 10.0975 10.0584 10.0338 10.0183 10.008 10 
10 10.0071 10.0167 10.0314 10.0552 10.0934 10.1533 10.245 10.3814 10.5783 10.8544 11.2298 11.7246 12.3562 13.1359 14.0654 15.1332 16.3112 17.5541 18.8003 19.9762 21.0033 21.8064 22.3229 22.5096 22.3508 21.8617 21.0845 20.0814 18.9263 17.6968 16.4656 15.2937 14.2261 13.291 12.5009 11.855 11.3435 10.9503 10.6566 10.4433 10.2925 10.1886 10.1189 10.0732 10.0439 10.0255 10.0138 10.006 10 
10 10.0051 10.012 10.0227 10.0399 10.0674 10.1106 10.1766 10.2748 10.4164 10.6148 10.8841 11.2385 11.69 12.2462 12.9077 13.6655 14.4992 15.3766 16.2543 17.0809 17.8019 18.3653 18.728 18.8608 18.7531 18.4147 17.874 17.1733 16.3638 15.4993 14.6304 13.8002 13.041 12.3735 11.8076 11.3435 10.9749 10.6908 10.4781 10.3232 10.2136 10.1379 10.087 10.0536 10.0322 10.0187 10.0101 10.0044 10 
10 10.0036 10.0085 10.016 10.028 10.0474 10.0778 10.1242 10.1931 10.2925 10.4315 10.6201 10.868 11.1833 11.571 12.0312 12.5575 13.1354 13.7423 14.3485 14.9187 15.4158 15.8042 16.0548 16.1478 16.0762 15.8464 15.477 14.9967 14.4401 13.844 13.243 12.6669 12.1385 11.6725 11.2762 10.9503 10.6908 10.4903 10.3398 10.2301 10.1522 10.0984 10.0622 10.0384 10.0231 10.0134 10.0073 10.0032 10 
10 10.0025 10.0058 10.011 10.0193 10.0325 10.0534 10.0852 10.1324 10.2005 10.2956 10.4245 10.5938 10.8089 11.073 11.3862 11.7437 12.1358 12.5471 12.9574 13.3432 13.6793 13.9423 14.1123 14.1765 14.13 13.9768 13.7293 13.4064 13.0313 12.6284 12.2212 11.8299 11.4699 11.1517 10.8803 10.6566 10.4781 10.3398 10.2359 10.16 10.106 10.0686 10.0434 10.0268 10.0162 10.0094 10.0051 10.0022 10 
10 10.0017 10.0039 10.0073 10.0129 10.0218 10.0357 10.057 10.0886 10.1341 10.1976 10.2837 10.3966 10.5399 10.7159 10.9242 11.1618 11.4222 11.6951 11.9672 12.223 12.4459 12.6205 12.7338 12.7773 12.7478 12.6477 12.4852 12.2725 12.0247 11.758 11.4879 11.2276 10.9877 10.7751 10.5934 10.4433 10.3232 10.2301 10.16 10.1086 10.0721 10.0467 10.0296 10.0183 10.011 10.0064 10.0035 10.0015 10 
10 10.0011 10.0025 10.0048 10.0084 10.0142 10.0233 10.0372 10.0578 10.0875 10.129 10.1851 10.2587 10.352 10.4665 10.6021 10.7566 10.9257 11.103 11.2797 11.4458 11.5907 11.7043 11.7784 11.8074 11.7891 11.7251 11.6206 11.4833 11.3231 11.1502 10.9747 10.8053 10.6488 10.5099 10.3909 10.2925 10.2136 10.1522 10.106 10.0721 10.0479 10.0311 10.0197 10.0122 10.0074 10.0043 10.0023 10.001 10 
10 10.0007 10.0016 10.0031 10.0054 10.0091 10.0149 10.0237 10.0369 10.0558 10.0822 10.1179 10.1648 10.2242 10.2971 10.3833 10.4815 10.5891 10.7018 10.8141 10.9198 11.012 11.0845 11.1319 11.1508 11.1398 11.0998 11.0339 10.9472 10.8457 10.736 10.6245 10.5166 10.4167 10.3279 10.2518 10.1886 10.1379 10.0984 10.0686 10.0467 10.0311 10.0202 10.0128 10.008 10.0048 10.0028 10.0015 10.0007 10 
10 10.0004 10.001 10.0019 10.0033 10.0056 10.0093 10.0148 10.023 10.0347 10.0512 10.0734 10.1025 10.1395 10.1848 10.2384 10.2995 10.3664 10.4365 10.5064 10.5722 10.6297 10.6749 10.7047 10.7168 10.7103 10.6858 10.6453 10.5917 10.5287 10.4606 10.3912 10.324 10.2617 10.2062 10.1585 10.1189 10.087 10.0622 10.0434 10.0296 10.0197 10.0128 10.0082 10.0051 10.0031 10.0018 10.001 10.0004 10 
10 10.0003 10.0006 10.0012 10.002 10.0034 10.0056 10.009 10.0139 10.0211 10.0311 10.0446 10.0623 10.0848 10.1123 10.1449 10.182 10.2226 10.2653 10.3078 10.3479 10.3829 10.4106 10.4289 10.4365 10.4327 10.4181 10.3937 10.3612 10.3231 10.2817 10.2395 10.1986 10.1606 10.1266 10.0975 10.0732 10.0536 10.0384 10.0268 10.0183 10.0122 10.008 10.0051 10.0031 10.0019 10.0011 10.0006 10.0003 10 
10 10.0002 10.0004 10.0007 10.0012 10.002 10.0033 10.0053 10.0083 10.0125 10.0184 10.0264 10.0369 10.0502 10.0665 10.0858 10.1078 10.1319 10.1572 10.1824 10.2062 10.2271 10.2436 10.2545 10.2591 10.2571 10.2485 10.2342 10.2151 10.1925 10.168 10.143 10.1187 10.096 10.0758 10.0584 10.0439 10.0322 10.0231 10.0162 10.011 10.0074 10.0048 10.0031 10.0019 10.0012 10.0007 10.0004 10.0002 10 
10 10.0001 10.0002 10.0004 10.0007 10.0012 10.0019 10.003 10.0047 10.0071 10.0105 10.0151 10.0211 10.0287 10.038 10.0491 10.0617 10.0755 10.09 10.1045 10.1181 10.1301 10.1397 10.146 10.1487 10.1476 10.1428 10.1347 10.1237 10.1109 10.0968 10.0825 10.0685 10.0555 10.0439 10.0338 10.0255 10.0187 10.0134 10.0094 10.0064 10.0043 10.0028 10.0018 10.0011 10.0007 10.0004 10.0002 10.0001 10 
10 10.0001 10.0001 10.0002 10.0004 10.0006 10.001 10.0016 10.0025 10.0038 10.0056 10.0081 10.0113 10.0154 10.0204 10.0263 10.033 10.0404 10.0482 10.056 10.0633 10.0698 10.0749 10.0784 10.0799 10.0793 10.0768 10.0724 10.0666 10.0597 10.0522 10.0445 10.037 10.03 10.0237 10.0183 10.0138 10.0101 10.0073 10.0051 10.0035 10.0023 10.0015 10.001 10.0006 10.0004 10.0002 10.0001 10.0001 10 
10 10 10.0001 10.0001 10.0002 10.0003 10.0004 10.0007 10.0011 10.0017 10.0024 10.0035 10.0049 10.0067 10.0088 10.0114 10.0143 10.0175 10.0209 10.0243 10.0275 10.0303 10.0325 10.034 10.0347 10.0345 10.0334 10.0315 10.029 10.026 10.0227 10.0194 10.0161 10.0131 10.0104 10.008 10.006 10.0044 10.0032 10.0022 10.0015 10.001 10.0007 10.0004 10.0003 10.0002 10.0001 10.0001 10 10 
10 10 10 10 10 10 10 10 10 10 10 10 10 10 10 10 10 10 10 10 10 10 10 10 10 10 10 10 10 10 10 10 10 10 10 10 10 10 10 10 10 10 10 10 10 10 10 10 10 10 
