10 10 10 10 10 10 10 10 10 10 10 10 10 10 10 10 10 10 10 10 10 10 10 10 10 10 10 10 10 10 10 10 10 10 10 10 10 10 10 10 10 10 10 10 10 10 10 10 10 10 
10 10.0366 10.0742 10.1136 10.1556 10.2011 10.2505 10.3043 10.3629 10.4264 10.4946 10.5672 10.6436 10.7228 10.8037 10.8849 10.9647 11.0414 11.1131 11.1778 11.2339 11.2796 11.3135 11.3345 11.3421 11.3359 11.3162 11.2837 11.2393 11.1845 11.1209 11.0504 10.9747 10.8958 10.8155 10.7353 10.6568 10.581 10.509 10.4414 10.3786 10.3209 10.2681 10.22 10.1762 10.1362 10.0993 10.0649 10.0321 10 
10 10.0742 10.1503 10.2302 10.3155 10.4076 10.5078 10.6171 10.7361 10.8651 11.0037 11.1514 11.3067 11.4679 11.6327 11.798 11.9607 12.1171 12.2634 12.3955 12.51 12.6032 12.6725 12.7155 12.7309 12.7183 12.678 12.6114 12.5208 12.4088 12.279 12.1349 11.9806 11.8197 11.656 11.4928 11.333 11.1789 11.0325 10.8952 10.7677 10.6504 10.5432 10.4457 10.3569 10.2759 10.2012 10.1314 10.0649 10 
10 10.1136 10.2302 10.3526 10.4833 10.6246 10.7783 10.9461 11.129 11.3272 11.5406 11.7679 12.0074 12.2561 12.5104 12.766 13.0177 13.2598 13.4864 13.6913 13.8688 14.0136 14.1211 14.1878 14.2117 14.1919 14.1292 14.0257 13.8848 13.711 13.5095 13.2863 13.0472 12.7983 12.5453 12.2932 12.0466 11.8092 11.5838 11.3725 11.1765 10.9963 10.8319 10.6822 10.5462 10.4221 10.3078 10.201 10.0993 10 
10 10.1556 10.3155 10.4833 10.6626 10.8565 11.0678 11.2985 11.5502 11.8234 12.1178 12.4318 12.763 13.1074 13.4601 13.8149 14.1648 14.5018 14.8175 15.1033 15.3511 15.5533 15.7035 15.7967 15.8299 15.802 15.7141 15.5692 15.372 15.1291 14.8479 14.5366 14.2037 13.8576 13.5062 13.1566 12.8151 12.4867 12.1754 11.8839 11.6139 11.366 11.1399 10.9344 10.7478 10.5777 10.4211 10.275 10.1358 10 
10 10.2011 10.4076 10.6246 10.8565 11.1076 11.3815 11.681 12.0081 12.3636 12.7473 13.1572 13.5901 14.0412 14.5039 14.9701 15.4306 15.8749 16.2917 16.6696 16.9976 17.2654 17.4644 17.5879 17.6317 17.5944 17.4774 17.2847 17.0231 16.7011 16.3289 15.9175 15.4784 15.0227 14.5608 14.1022 13.6549 13.2256 12.8193 12.4395 12.0882 11.7661 11.4728 11.2066 10.9651 10.7452 10.5431 10.3545 10.1751 10 
10 10.2505 10.5078 10.7783 11.0678 11.3815 11.7241 12.0993 12.5097 12.9566 13.4397 13.9568 14.5041 15.0754 15.6627 16.2558 16.8427 17.4102 17.9435 18.428 18.8491 19.1933 19.4493 19.608 19.6641 19.6156 19.4643 19.2158 18.8788 18.4648 17.9871 17.4602 16.8989 16.3177 15.73 15.1477 14.5811 14.0385 13.526 13.0478 12.6065 12.2026 11.8353 11.5025 11.2011 10.9269 10.6752 10.4406 10.2175 10 
10 10.3043 10.6171 10.9461 11.2985 11.681 12.0993 12.5582 13.0611 13.6098 14.2041 14.8418 15.5183 16.2262 16.9557 17.6944 18.4274 19.1377 19.807 20.4162 20.9467 21.381 21.7042 21.9047 21.9751 21.9131 21.721 21.4062 20.98 20.4576 19.8561 19.1943 18.4912 17.7651 17.0328 16.3093 15.6072 14.9365 14.3046 13.7164 13.1747 12.68 12.231 11.825 11.4578 11.1243 10.8186 10.534 10.2636 10 
10 10.3629 10.7361 11.129 11.5502 12.0081 12.5097 13.0611 13.6666 14.3288 15.0478 15.8212 16.6439 17.5075 18.4 19.3066 20.2089 21.0859 21.9148 22.6713 23.3316 23.8732 24.2767 24.5269 24.6145 24.5361 24.2949 23.9005 23.368 22.7166 21.9688 21.1484 20.2796 19.3851 18.4861 17.6008 16.7442 15.9285 15.1621 14.4508 13.7972 13.2018 12.6627 12.1761 11.7368 11.3386 10.9741 10.6352 10.3135 10 
10 10.4264 10.8651 11.3272 11.8234 12.3636 12.9566 13.6098 14.3288 15.117 15.9752 16.9013 17.8894 18.93 20.0094 21.1097 22.209 23.2814 24.2985 25.2299 26.0452 26.7154 27.2156 27.5259 27.634 27.5356 27.2349 26.7444 26.0838 25.2783 24.3564 23.3488 22.2856 21.1953 20.1037 19.0327 18.0004 17.0206 16.1031 15.2542 14.4764 13.7697 13.1314 12.5565 12.0387 11.5701 11.1419 10.7443 10.3672 10 
10 10.4946 11.0037 11.5406 12.1178 12.7473 13.4397 14.2041 15.0478 15.9752 16.9882 18.0849 19.2593 20.5008 21.794 23.1178 24.4462 25.7479 26.9877 28.1276 29.1289 29.9546 30.572 30.9555 31.0886 30.9655 30.592 29.9846 29.1691 28.1781 27.0485 25.8191 24.5276 23.2094 21.8954 20.6121 19.3802 18.2157 17.1292 16.1274 15.2124 14.3835 13.6367 12.9659 12.363 11.8184 11.3216 10.8611 10.4247 10 
10 10.5672 11.1514 11.7679 12.4318 13.1572 13.9568 14.8418 15.8212 16.9013 18.0849 19.371 20.7539 22.2222 23.7589 25.3398 26.9345 28.5054 30.0093 31.3988 32.6247 33.6394 34.4003 34.8736 35.0373 34.8836 34.4203 33.6697 32.6655 31.4504 30.0719 28.5791 27.0195 25.4362 23.8664 22.341 20.8838 19.5125 18.2384 17.068 16.0028 15.0407 14.1764 13.4022 12.7079 12.0822 11.5123 10.9848 10.4856 10 
10 10.6436 11.3067 12.0074 12.763 13.5901 14.5041 15.5183 16.6439 17.8894 19.2593 20.7539 22.3681 24.0907 25.9031 27.7786 29.682 31.5688 33.3866 35.0761 36.5747 37.8209 38.7589 39.3438 39.5456 39.3535 38.7785 37.8508 36.6152 35.1277 33.4497 31.644 29.7694 27.8785 26.0155 24.2158 22.5061 20.9052 19.4246 18.0701 16.8419 15.7365 14.7464 13.8618 13.0706 12.3591 11.7123 11.1145 10.5493 10 
10 10.7228 11.4679 12.2561 13.1074 14.0412 15.0754 16.2262 17.5075 18.93 20.5008 22.2222 24.0907 26.0956 28.2179 30.429 32.6891 34.9466 37.138 39.1898 41.0218 42.5538 43.7125 44.438 44.6882 44.4472 43.7312 42.5824 41.0609 39.2402 37.2005 35.0218 32.7776 30.5312 28.3341 26.226 24.2357 22.3825 20.6772 19.124 17.7214 16.4634 15.3403 14.3397 13.447 12.6459 11.9192 11.2486 10.6152 10 
10 10.8037 11.6327 12.5104 13.4601 14.5039 15.6627 16.9557 18.4 20.0094 21.794 23.7589 25.9031 28.2179 30.6854 33.2759 35.9463 38.6379 41.2752 43.7667 46.0093 47.8973 49.3342 50.2403 50.5546 50.2487 49.3513 47.9238 46.0461 43.8149 41.3358 38.7119 36.0345 33.379 30.8039 28.3524 26.054 23.927 21.9804 20.2159 18.6292 17.2113 15.9497 14.8289 13.8315 12.9386 12.13 11.385 10.6822 10 
10 10.8849 11.798 12.766 13.8149 14.9701 16.2558 17.6944 19.3066 21.1097 23.1178 25.3398 27.7786 30.429 33.2759 36.291 39.4302 42.629 45.7995 48.8286 51.5819 53.9173 55.7076 56.8526 57.2584 56.8599 55.7226 53.941 51.6154 48.8734 45.857 42.7005 39.5168 36.3938 33.3956 30.5664 27.9343 25.5148 23.3133 21.3278 19.5501 17.9676 16.5642 15.321 14.2176 13.232 12.3411 11.5216 10.7493 10 
10 10.9647 11.9607 13.0177 14.1648 15.4306 16.8427 18.4274 20.2089 22.209 24.4462 26.9345 29.682 32.6891 35.9463 39.4302 43.0993 46.8877 50.6972 54.3898 57.7869 60.6889 62.9264 64.4 64.9607 64.4059 62.9388 60.709 57.8162 54.4301 50.7504 46.9556 43.1833 39.5316 36.0661 32.8283 29.8413 27.1151 24.6497 22.4376 20.4658 18.7171 17.1715 15.8063 14.5976 13.5203 12.5483 11.6555 10.815 10 
10 11.0414 12.1171 13.2598 14.5018 15.8749 17.4102 19.1377 21.0859 23.2814 25.7479 28.5054 31.5688 34.9466 38.6379 42.629 46.8877 51.3548 55.9298 60.4517 64.6795 68.3061 71.0807 73.026 73.9417 73.0302 71.0901 68.3219 64.7038 60.4866 55.9778 51.418 46.9681 42.728 38.7569 35.0866 31.7308 28.6907 25.9584 23.5195 21.355 19.4427 17.7578 16.2738 14.963 13.7971 12.7471 11.7838 10.8779 10 
10 11.1131 12.2634 13.4864 14.8175 16.2917 17.9435 19.807 21.9148 24.2985 26.9877 30.0093 33.3866 37.138 41.2752 45.7995 50.6972 55.9298 61.4152 66.9896 72.3375 76.9235 80.2005 82.8085 84.8727 82.8109 80.2065 76.9346 72.356 67.0184 61.4573 55.9878 50.7733 45.8955 41.3925 37.278 33.5504 30.1984 27.2041 24.5447 22.1947 20.1258 18.3084 16.7119 15.3049 14.0558 12.9326 11.9035 10.9366 10 
10 11.1778 12.3955 13.6913 15.1033 16.6696 18.428 20.4162 22.6713 25.2299 28.1276 31.3988 35.0761 39.1898 43.7667 48.8286 54.3898 60.4517 66.9896 73.9078 80.887 86.9583 90.0822 93.2153 100 93.2159 90.0849 86.9642 80.8992 73.9301 67.0254 60.504 54.4612 48.9211 43.8819 39.3292 35.241 31.5908 28.3488 25.4831 22.9606 20.7471 18.8081 17.1088 15.6141 14.2894 13.1 12.0114 10.9895 10 
10 11.2339 12.51 13.8688 15.3511 16.9976 18.8491 20.9467 23.3316 26.0452 29.1289 32.6247 36.5747 41.0218 46.0093 51.5819 57.7869 64.6795 72.3375 80.887 90.4331 100 100 100 100 100 100 100 90.4388 80.9028 72.3673 64.7264 57.8537 51.6708 46.1222 41.1603 36.7403 32.8189 29.354 26.3041 23.6287 21.2878 19.2421 17.4529 15.8819 14.4916 13.2448 12.1047 11.0352 10 
10 11.2796 12.6032 14.0136 15.5533 17.2654 19.1933 21.381 23.8732 26.7154 29.9546 33.6394 37.8209 42.5538 47.8973 53.9173 60.6889 68.3061 76.9235 86.9583 100 100 100 100 100 100 100 100 100 86.9688 76.9481 68.3483 60.7517 54.0031 48.0081 42.6913 37.9866 33.8351 30.1826 26.9788 24.1764 21.7302 19.5967 17.7337 16.1003 14.6563 13.3627 12.1807 11.0724 10 
10 11.3135 12.6725 14.1211 15.7035 17.4644 19.4493 21.7042 24.2767 27.2156 30.572 34.4003 38.7589 43.7125 49.3342 55.7076 62.9264 71.0807 80.2005 90.0822 100 100 100 100 100 100 100 100 100 90.0901 80.2215 71.1193 62.986 55.7909 49.4433 43.8491 38.9247 34.597 30.8021 27.4822 24.5844 22.0594 19.8603 17.9423 16.2624 14.7786 13.4502 12.2371 11.1 10 
10 11.3345 12.7155 14.1878 15.7967 17.5879 19.608 21.9047 24.5269 27.5259 30.9555 34.8736 39.3438 44.438 50.2403 56.8526 64.4 73.026 82.8085 93.2153 100 100 100 100 100 100 100 100 100 93.2206 82.8267 73.062 64.4575 56.9343 50.3483 44.574 39.5095 35.0709 31.1869 27.7946 24.8375 22.2635 20.0238 18.0718 16.3631 14.8546 13.5045 12.2721 11.1171 10 
10 11.3421 12.7309 14.2117 15.8299 17.6317 19.6641 21.9751 24.6145 27.634 31.0886 35.0373 39.5456 44.6882 50.5546 57.2584 64.9607 73.9417 84.8727 100 100 100 100 100 100 100 100 100 100 100 84.8887 73.9765 65.0174 57.3395 50.6622 44.824 39.7113 35.2348 31.3204 27.9034 24.9261 22.3354 20.0816 18.1178 16.399 14.8818 13.5241 12.2848 11.1234 10 
10 11.3359 12.7183 14.1919 15.802 17.5944 19.6156 21.9131 24.5361 27.5356 30.9655 34.8836 39.3535 44.4472 50.2487 56.8599 64.4059 73.0302 82.8109 93.2159 100 100 100 100 100 100 100 100 100 93.2212 82.8291 73.0663 64.4635 56.9416 50.3567 44.5833 39.5194 35.0811 31.197 27.8045 24.847 22.2724 20.0318 18.0789 16.3692 14.8596 13.5083 12.2747 11.1184 10 
10 11.3162 12.678 14.1292 15.7141 17.4774 19.4643 21.721 24.2949 27.2349 30.592 34.4203 38.7785 43.7312 49.3513 55.7226 62.9388 71.0901 80.2065 90.0849 100 100 100 100 100 100 100 100 100 90.0928 80.2275 71.1288 62.9985 55.8061 49.4606 43.868 38.9445 34.6174 30.8224 27.5021 24.6034 22.077 19.8764 17.9566 16.2746 14.7885 13.4577 12.2422 11.1025 10 
10 11.2837 12.6114 14.0257 15.5692 17.2847 19.2158 21.4062 23.9005 26.7444 29.9846 33.6697 37.8508 42.5824 47.9238 53.941 60.709 68.3219 76.9346 86.9642 100 100 100 100 100 100 100 100 100 86.9748 76.9593 68.3643 60.772 54.027 48.0349 42.7202 38.0169 33.8659 30.2132 27.0086 24.2048 21.7567 19.6207 17.755 16.1184 14.6711 13.3739 12.1883 11.0762 10 
10 11.2393 12.5208 13.8848 15.372 17.0231 18.8788 20.98 23.368 26.0838 29.1691 32.6655 36.6152 41.0609 46.0461 51.6154 57.8162 64.7038 72.356 80.8992 90.4388 100 100 100 100 100 100 100 90.4446 80.9152 72.3859 64.7509 57.8833 51.7047 46.1594 41.1999 36.7813 32.8604 29.395 26.3438 23.6664 21.3228 19.2739 17.4809 15.9058 14.5111 13.2596 12.1147 11.0402 10 
10 11.1845 12.4088 13.711 15.1291 16.7011 18.4648 20.4576 22.7166 25.2783 28.1781 31.4504 35.1277 39.2402 43.8149 48.8734 54.4301 60.4866 67.0184 73.9301 80.9028 86.9688 90.0901 93.2206 100 93.2212 90.0928 86.9748 80.9152 73.9525 67.0545 60.5392 54.5018 48.9662 43.9305 39.3802 35.2933 31.6432 28.4003 25.5328 23.0075 20.7906 18.8475 17.1434 15.6436 14.3134 13.1182 12.0237 10.9956 10 
10 11.1209 12.279 13.5095 14.8479 16.3289 17.9871 19.8561 21.9688 24.3564 27.0485 30.0719 33.4497 37.2005 41.3358 45.857 50.7504 55.9778 61.4573 67.0254 72.3673 76.9481 80.2215 82.8267 84.8887 82.8291 80.2275 76.9593 72.3859 67.0545 61.4996 56.0361 50.8268 45.9533 41.4536 37.3411 33.6144 30.262 27.2661 24.6043 22.2507 20.1775 18.355 16.7528 15.3397 14.084 12.954 11.9179 10.9438 10 
10 11.0504 12.1349 13.2863 14.5366 15.9175 17.4602 19.1943 21.1484 23.3488 25.8191 28.5791 31.644 35.0218 38.7119 42.7005 46.9556 51.418 55.9878 60.504 64.7264 68.3483 71.1193 73.062 73.9765 73.0663 71.1288 68.3643 64.7509 60.5392 56.0361 51.4816 47.0364 42.8 38.8314 35.1625 31.8069 28.7657 26.031 23.5887 21.4198 19.5023 17.8113 16.3207 15.0028 13.8293 12.7715 11.8002 10.8861 10 
10 10.9747 11.9806 13.0472 14.2037 15.4784 16.8989 18.4912 20.2796 22.2856 24.5276 27.0195 29.7694 32.7776 36.0345 39.5168 43.1833 46.9681 50.7733 54.4612 57.8537 60.7517 62.986 64.4575 65.0174 64.4635 62.9985 60.772 57.8833 54.5018 50.8268 47.0364 43.2678 39.6188 36.155 32.9176 29.9298 27.2015 24.7328 22.5163 20.5391 18.7842 17.2316 15.8588 14.642 13.5562 12.5755 11.6737 10.8241 10 
10 10.8958 11.8197 12.7983 13.8576 15.0227 16.3177 17.7651 19.3851 21.1953 23.2094 25.4362 27.8785 30.5312 33.379 36.3938 39.5316 42.728 45.8955 48.9211 51.6708 54.0031 55.7909 56.9343 57.3395 56.9416 55.8061 54.027 51.7047 48.9662 45.9533 42.8 39.6188 36.4973 33.4995 30.6695 28.0354 25.6126 23.4068 21.4158 19.6317 18.0419 16.6304 15.3787 14.2663 13.2713 12.3708 11.5415 10.7592 10 
10 10.8155 11.656 12.5453 13.5062 14.5608 15.73 17.0328 18.4861 20.1037 21.8954 23.8664 26.0155 28.3341 30.8039 33.3956 36.0661 38.7569 41.3925 43.8819 46.1222 48.0081 49.4433 50.3483 50.6622 50.3567 49.4606 48.0349 46.1594 43.9305 41.4536 38.8314 36.155 33.4995 30.9234 28.4697 26.1679 24.0363 22.084 20.3129 18.7186 17.2924 16.0217 14.8914 13.8841 12.981 12.162 11.4064 10.693 10 
10 10.7353 11.4928 12.2932 13.1566 14.1022 15.1477 16.3093 17.6008 19.0327 20.6121 22.341 24.2158 26.226 28.3524 30.5664 32.8283 35.0866 37.278 39.3292 41.1603 42.6913 43.8491 44.574 44.824 44.5833 43.868 42.7202 41.1999 39.3802 37.3411 35.1625 32.9176 30.6695 28.4697 26.3578 24.3626 22.5032 20.7909 19.2297 17.8183 16.5508 15.4177 14.4067 13.5032 12.6911 11.9532 11.2713 10.6266 10 
10 10.6568 11.333 12.0466 12.8151 13.6549 14.5811 15.6072 16.7442 18.0004 19.3802 20.8838 22.5061 24.2357 26.054 27.9343 29.8413 31.7308 33.5504 35.241 36.7403 37.9866 38.9247 39.5095 39.7113 39.5194 38.9445 38.0169 36.7813 35.2933 33.6144 31.8069 29.9298 28.0354 26.1679 24.3626 22.6462 21.0375 19.5484 18.1844 16.9462 15.8301 14.829 13.933 13.1302 12.4069 11.7482 11.1385 10.5613 10 
10 10.581 11.1789 11.8092 12.4867 13.2256 14.0385 14.9365 15.9285 17.0206 18.2157 19.5125 20.9052 22.3825 23.927 25.5148 27.1151 28.6907 30.1984 31.5908 32.8189 33.8351 34.597 35.0709 35.2348 35.0811 34.6174 33.8659 32.8604 31.6432 30.262 28.7657 27.2015 25.6126 24.0363 22.5032 21.0375 19.6567 18.3724 17.191 16.1144 15.1405 14.2641 13.4774 12.7706 12.1324 11.55 11.0099 10.4981 10 
10 10.509 11.0325 11.5838 12.1754 12.8193 13.526 14.3046 15.1621 16.1031 17.1292 18.2384 19.4246 20.6772 21.9804 23.3133 24.6497 25.9584 27.2041 28.3488 29.354 30.1826 30.8021 31.1869 31.3204 31.197 30.8224 30.2132 29.395 28.4003 27.2661 26.031 24.7328 23.4068 22.084 20.7909 19.5484 18.3724 17.2739 16.2595 15.3317 14.4895 13.7294 13.0452 12.4289 11.8711 11.361 10.8873 10.4378 10 
10 10.4414 10.8952 11.3725 11.8839 12.4395 13.0478 13.7164 14.4508 15.2542 16.1274 17.068 18.0701 19.124 20.2159 21.3278 22.4376 23.5195 24.5447 25.4831 26.3041 26.9788 27.4822 27.7946 27.9034 27.8045 27.5021 27.0086 26.3438 25.5328 24.6043 23.5887 22.5163 21.4158 20.3129 19.2297 18.1844 17.191 16.2595 15.3962 14.6038 13.8825 13.2295 12.6401 12.108 11.6253 11.1831 10.7717 10.3809 10 
10 10.3786 10.7677 11.1765 11.6139 12.0882 12.6065 13.1747 13.7972 14.4764 15.2124 16.0028 16.8419 17.7214 18.6292 19.5501 20.4658 21.355 22.1947 22.9606 23.6287 24.1764 24.5844 24.8375 24.9261 24.847 24.6034 24.2048 23.6664 23.0075 22.2507 21.4198 20.5391 19.6317 18.7186 17.8183 16.9462 16.1144 15.3317 14.6038 13.9338 13.3221 12.7669 12.2645 11.8099 11.3966 11.0173 10.6639 10.3277 10 
10 10.3209 10.6504 10.9963 11.366 11.7661 12.2026 12.68 13.2018 13.7697 14.3835 15.0407 15.7365 16.4634 17.2113 17.9676 18.7171 19.4427 20.1258 20.7471 21.2878 21.7302 22.0594 22.2635 22.3354 22.2724 22.077 21.7567 21.3228 20.7906 20.1775 19.5023 18.7842 18.0419 17.2924 16.5508 15.8301 15.1405 14.4895 13.8825 13.3221 12.8091 12.3424 11.9191 11.5352 11.1856 10.8641 10.5642 10.2786 10 
10 10.2681 10.5432 10.8319 11.1399 11.4728 11.8353 12.231 12.6627 13.1314 13.6367 14.1764 14.7464 15.3403 15.9497 16.5642 17.1715 17.7578 18.3084 18.8081 19.2421 19.5967 19.8603 20.0238 20.0816 20.0318 19.8764 19.6207 19.2739 18.8475 18.355 17.8113 17.2316 16.6304 16.0217 15.4177 14.829 14.2641 13.7294 13.2295 12.7669 12.3424 11.9553 11.6035 11.2839 10.9922 10.7236 10.4726 10.2335 10 
10 10.22 10.4457 10.6822 10.9344 11.2066 11.5025 11.825 12.1761 12.5565 12.9659 13.4022 13.8618 14.3397 14.8289 15.321 15.8063 16.2738 16.7119 17.1088 17.4529 17.7337 17.9423 18.0718 18.1178 18.0789 17.9566 17.755 17.4809 17.1434 16.7528 16.3207 15.8588 15.3787 14.8914 14.4067 13.933 13.4774 13.0452 12.6401 12.2645 11.9191 11.6035 11.3162 11.0546 10.8156 10.5951 10.3888 10.1921 10 
10 10.1762 10.3569 10.5462 10.7478 10.9651 11.2011 11.4578 11.7368 12.0387 12.363 12.7079 13.0706 13.447 13.8315 14.2176 14.5976 14.963 15.3049 15.6141 15.8819 16.1003 16.2624 16.3631 16.399 16.3692 16.2746 16.1184 15.9058 15.6436 15.3397 15.0028 14.642 14.2663 13.8841 13.5032 13.1302 12.7706 12.4289 12.108 11.8099 11.5352 11.2839 11.0546 10.8456 10.6543 10.4776 10.3122 10.1543 10 
10 10.1362 10.2759 10.4221 10.5777 10.7452 10.9269 11.1243 11.3386 11.5701 11.8184 12.0822 12.3591 12.6459 12.9386 13.232 13.5203 13.7971 14.0558 14.2894 14.4916 14.6563 14.7786 14.8546 14.8818 14.8596 14.7885 14.6711 14.5111 14.3134 14.084 13.8293 13.5562 13.2713 12.981 12.6911 12.4069 12.1324 11.8711 11.6253 11.3966 11.1856 10.9922 10.8156 10.6543 10.5065 10.3699 10.2419 10.1196 10 
10 10.0993 10.2012 10.3078 10.4211 10.5431 10.6752 10.8186 10.9741 11.1419 11.3216 11.5123 11.7123 11.9192 12.13 12.3411 12.5483 12.7471 12.9326 13.1 13.2448 13.3627 13.4502 13.5045 13.5241 13.5083 13.4577 13.3739 13.2596 13.1182 12.954 12.7715 12.5755 12.3708 12.162 11.9532 11.7482 11.55 11.361 11.1831 11.0173 10.8641 10.7236 10.5951 10.4776 10.3699 10.2702 10.1767 10.0874 10 
10 10.0649 10.1314 10.201 10.275 10.3545 10.4406 10.534 10.6352 10.7443 10.8611 10.9848 11.1145 11.2486 11.385 11.5216 11.6555 11.7838 11.9035 12.0114 12.1047 12.1807 12.2371 12.2721 12.2848 12.2747 12.2422 12.1883 12.1147 12.0237 11.9179 11.8002 11.6737 11.5415 11.4064 11.2713 11.1385 11.0099 10.8873 10.7717 10.6639 10.5642 10.4726 10.3888 10.3122 10.2419 10.1767 10.1156 10.0572 10 
10 10.0321 10.0649 10.0993 10.1358 10.1751 10.2175 10.2636 10.3135 10.3672 10.4247 10.4856 10.5493 10.6152 10.6822 10.7493 10.815 10.8779 10.9366 10.9895 11.0352 11.0724 11.1 11.1171 11.1234 11.1184 11.1025 11.0762 11.0402 10.9956 10.9438 10.8861 10.8241 10.7592 10.693 10.6266 10.5613 10.4981 10.4378 10.3809 10.3277 10.2786 10.2335 10.1921 10.1543 10.1196 10.0874 10.0572 10.0283 10 
10 10 10 10 10 10 10 10 10 10 10 10 10 10 10 10 10 10 10 10 10 10 10 10 10 10 10 10 10 10 10 10 10 10 10 10 10 10 10 10 10 10 10 10 10 10 10 10 10 10 
